B1;0;[0.07021482 0.71351749 0.58390582]
B1;1;[0.07104801 0.7037611  0.59445423]
B1;2;[0.07046998 0.70533717 0.59118545]
B1;3;[0.06859548 0.71582621 0.59381908]
B1;4;[0.06844239 0.72001219 0.57682997]
B2;0;[0.06993494 0.71298158 0.61376727]
B2;1;[0.06848515 0.71551406 0.59822452]
B2;2;[0.06820964 0.71370763 0.60752082]
B2;3;[0.06950952 0.72409856 0.59767145]
B2;4;[0.07074978 0.70540649 0.62544382]
A1;0;[0.08132643 0.68944156 0.58126026]
A1;1;[0.07927223 0.68716401 0.58542281]
A1;2;[0.08164217 0.68235421 0.58361328]
A1;3;[0.08064489 0.68456995 0.58969992]
A1;4;[0.08017457 0.68616128 0.58533311]
B3;0;[0.06815264 0.71907461 0.60857826]
B3;1;[0.06819835 0.70658708 0.61302525]
B3;2;[0.07032396 0.70706099 0.61398536]
B3;3;[0.06787301 0.7086038  0.6234405 ]
B3;4;[0.0696433  0.71336555 0.61916149]
A2;0;[0.08814497 0.68010515 0.59842926]
A2;1;[0.08855314 0.6640324  0.61038446]
A2;2;[0.08964742 0.66183531 0.61101437]
A2;3;[0.08938385 0.68759114 0.58208722]
A2;4;[0.08742321 0.66949439 0.59684211]
A3;0;[0.09328171 0.67967093 0.59352463]
A3;1;[0.09649744 0.66145992 0.59199572]
A3;2;[0.09424052 0.66598529 0.5987075 ]
A3;3;[0.09507321 0.67307806 0.5907889 ]
A3;4;[0.09344029 0.65617472 0.60268539]
D1;0;[0.07012896 0.71864462 0.60908502]
D1;1;[0.06949088 0.71322191 0.61028135]
D1;2;[0.06814336 0.72486645 0.61445969]
D1;3;[0.07157779 0.72714359 0.60893661]
D1;4;[0.06801201 0.71852243 0.61006808]
C1;0;[0.09501549 0.67156923 0.59700197]
C1;1;[0.09624204 0.68203706 0.57723987]
C1;2;[0.094324   0.68531108 0.59206539]
C1;3;[0.09451719 0.68174136 0.58381039]
C1;4;[0.09371964 0.6809718  0.5877105 ]
D2;0;[0.0731644  0.70852619 0.60839552]
D2;1;[0.07370186 0.71589828 0.5998351 ]
D2;2;[0.07220986 0.7225461  0.60266054]
D2;3;[0.07406358 0.72001964 0.6095646 ]
D2;4;[0.07465347 0.71895266 0.60814881]
D3;0;[0.07597749 0.70536417 0.61048561]
D3;1;[0.07523259 0.70787239 0.60473347]
D3;2;[0.07514542 0.70602292 0.62198412]
D3;3;[0.07479803 0.71454704 0.60145801]
D3;4;[0.07930695 0.71725363 0.60751319]
C2;0;[0.10596188 0.66004473 0.58095342]
C2;1;[0.11099179 0.65746129 0.5978213 ]
C2;2;[0.10847607 0.67149228 0.60003501]
C2;3;[0.10578334 0.66796339 0.58831942]
C2;4;[0.10656872 0.66388243 0.60123897]
C3;0;[0.10718652 0.65084738 0.6059351 ]
C3;1;[0.11060807 0.6572296  0.60253555]
C3;2;[0.10662228 0.66047794 0.59839684]
C3;3;[0.10740633 0.66010362 0.597148  ]
C3;4;[0.10822325 0.66681999 0.59915078]
C4;0;[0.1184638  0.67094487 0.59543198]
C4;1;[0.11863361 0.65596819 0.5905121 ]
C4;2;[0.11212017 0.66317469 0.58973569]
C4;3;[0.12011143 0.66431069 0.59339005]
C4;4;[0.11678254 0.67079818 0.58542377]
