Model;Idx;Loss;Precision;Recall
B1;0;[0.07679185 0.78538507 0.66106552]
B1;1;[0.08010548 0.7450369  0.68708158]
B1;2;[0.07928527 0.75910002 0.68245977]
B1;3;[0.07790659 0.77368373 0.66650617]
B1;4;[0.07870069 0.78248703 0.65141898]
B2;0;[0.07797362 0.7513904  0.70052886]
B2;1;[0.08023982 0.74173319 0.69148803]
B2;2;[0.07988531 0.7468642  0.68934536]
B2;3;[0.07690624 0.77554476 0.679075  ]
B2;4;[0.07717175 0.76354271 0.68897533]
A1;0;[0.08184355 0.7574755  0.6728695 ]
A1;1;[0.0810199  0.76084036 0.67253059]
A1;2;[0.08224218 0.73832256 0.68597555]
A1;3;[0.08179358 0.74566334 0.6821301 ]
A1;4;[0.08118125 0.76641047 0.66641051]
B3;0;[0.08427237 0.71423    0.70039481]
B3;1;[0.07732261 0.77722013 0.68329048]
B3;2;[0.08441002 0.71104527 0.70196253]
B3;3;[0.07643046 0.77063364 0.69541818]
B3;4;[0.07768253 0.74970376 0.70842123]
A2;0;[0.08604033 0.71846133 0.69117063]
A2;1;[0.08411178 0.7537244  0.66341633]
A2;2;[0.08660802 0.70373189 0.7041353 ]
A2;3;[0.08284298 0.75076669 0.67265272]
A2;4;[0.08289988 0.73683637 0.69589907]
A3;0;[0.09428493 0.67644465 0.71094084]
A3;1;[0.08383303 0.74508363 0.67818278]
A3;2;[0.08542947 0.72403562 0.69842958]
A3;3;[0.08937526 0.71182001 0.68175316]
A3;4;[0.08264632 0.76415634 0.6681391 ]
D1;0;[0.08065529 0.7256667  0.71755242]
D1;1;[0.07972173 0.74834245 0.70551509]
D1;2;[0.07841377 0.75723296 0.69738638]
D1;3;[0.07560223 0.76717842 0.71803296]
D1;4;[0.07622786 0.75799614 0.71588475]
C1;0;[0.08775408 0.70211339 0.69370413]
C1;1;[0.09264825 0.66223282 0.72420341]
C1;2;[0.08409663 0.73922926 0.69575572]
C1;3;[0.08380046 0.73808205 0.68002653]
C1;4;[0.08474504 0.72906238 0.68736058]
D2;0;[0.07606468 0.76896471 0.71295404]
D2;1;[0.07939689 0.73406851 0.72366989]
D2;2;[0.07858349 0.74858153 0.72090805]
D2;3;[0.07878039 0.74567401 0.71416503]
D2;4;[0.07872888 0.74671006 0.72610575]
D3;0;[0.07823375 0.75675374 0.71383047]
D3;1;[0.08251966 0.74418157 0.71128505]
D3;2;[0.07770481 0.76387656 0.70684886]
D3;3;[0.07905246 0.74498206 0.71768546]
D3;4;[0.08110295 0.7340892  0.7242865 ]
C2;0;[0.08974645 0.70289189 0.70874691]
C2;1;[0.08750857 0.72163707 0.70319772]
C2;2;[0.09049609 0.69352978 0.72389162]
C2;3;[0.09139561 0.70266759 0.71221769]
C2;4;[0.09131496 0.69316101 0.72239339]
C3;0;[0.09573429 0.67503339 0.70980567]
C3;1;[0.09297261 0.70428938 0.70998865]
C3;2;[0.09264613 0.68850541 0.71932638]
C3;3;[0.09443612 0.69227004 0.71684086]
C3;4;[0.08970656 0.71692061 0.69763494]
C4;0;[0.09027762 0.72347724 0.69893658]
C4;1;[0.09879544 0.68503112 0.70690709]
C4;2;[0.09456519 0.71165085 0.70348632]
C4;3;[0.09276398 0.69915861 0.71184337]
C4;4;[0.09502997 0.70100814 0.70214659]
